2.985674656852299602e-02 5.086218292024888843e-01
1.293080125859427110e-01 6.677669418312455196e-01
2.572870991568132482e-01 9.329942453520153611e-01
6.092804427779574539e-01 9.096082220552421660e-01
7.744965490828035204e-01 6.702238641460070978e-01
6.360430550335635091e-01 3.087416801186293469e-01
6.507001852032353595e-01 9.588045592702830744e-01
7.331711666398771365e-01 6.789032265996067794e-01
2.347182853562771454e-01 7.730795957503867610e-01
6.169016136392394545e-01 7.015518375472410417e-01
2.197327022892485715e-01 1.809521289927079613e-01
8.409416913013405548e-01 2.477608556322351552e-01
5.208017912475281230e-01 7.748979092106218491e-01
8.001592145084329699e-01 2.700561396835614580e-01
3.848859674420734844e-01 5.761175251934902430e-01
9.137885380909958055e-01 7.130479538419082219e-01
3.290927793520485034e-01 3.095697775141215136e-01
8.430108669729001747e-01 2.812576837085998260e-01
6.546636346397513018e-01 3.797843957016782124e-01
5.830281498238363280e-01 5.190831432927777156e-01
8.361219391001739609e-02 5.283096201623704857e-02
2.702515950003451239e-01 1.357252102951822526e-01
4.951358896976898460e-01 4.110941659512281632e-01
6.368178283854164512e-03 5.773247759601175533e-01
2.958553436727733299e-01 1.044069377040723889e-02
9.211017244712920160e-01 9.116311829062013761e-01
9.671632507140093260e-02 6.959886863122000111e-02
7.803056334442379782e-01 7.273414523474805993e-01
5.656086140822590425e-01 6.499236754421655604e-01
4.471309702976342670e-01 5.556306434503024416e-01
5.034827408141807625e-01 3.390445048445007714e-01
5.905123971888942558e-01 4.864049970135275736e-01
7.917652842641540456e-01 1.516611279220926312e-01
1.986682825158891941e-01 3.803606399044184849e-01
6.118065202606450814e-01 5.692688418058284849e-01
8.463586948356994766e-01 2.952368899231263555e-01
3.771410332313462899e-02 2.680004053966641431e-01
3.001676847127093817e-01 9.505096488996984672e-01
7.944781999771377556e-02 8.019415836587224788e-01
9.806518303378755075e-01 9.642909888359355586e-01
2.007785807409947498e-01 8.315441907898896146e-01
3.846526470283067045e-01 6.960753584322343368e-02
2.708526517864967564e-01 2.323913217877930926e-01
9.298172218421940638e-02 8.839585216329519657e-01
5.408468072415246741e-01 8.613472729882341028e-01
2.297835781412636003e-01 8.539323880508121745e-01
9.526519665835720962e-01 3.682335304466077819e-01
7.266816033796568153e-01 4.188248112625065911e-01
2.786992192632784526e-01 1.920770601862153981e-01
2.847877494638575424e-01 1.636003568709255562e-01
7.517766659921696348e-01 4.457812351541872165e-01
2.211297676720036520e-01 2.438918966568132118e-01
2.675079340598277566e-01 9.193193688799995433e-01
2.685128152140625613e-01 6.109474777618172370e-01
9.597856762575608380e-01 6.480031530133684159e-01
2.082825945172707138e-01 1.448307224641844915e-01
6.752758021528122434e-01 2.946816996811728595e-01
9.344206037444680035e-02 7.926662844771548144e-01
4.335354554351920076e-01 5.676763174345444973e-01
2.008882932466941051e-01 2.982332594945475979e-01
3.143539879691297223e-01 2.544647341859830325e-01
2.652059139524670650e-01 3.871677420529853197e-01
1.110980038209489207e-01 9.080685464013070751e-01
1.297705404334604795e-01 7.087934829197157782e-01
5.599897618659558374e-01 9.582816895480287256e-01
5.127015241353538588e-01 6.246419163487696435e-01
8.102061384421855861e-01 9.132764661526734384e-01
5.340827014640288084e-01 9.928012167794018072e-01
2.938524144344989431e-01 3.651393443239325798e-02
1.275517930011451639e-01 4.538927844676177159e-02
6.085374061665835832e-01 4.766877884641819163e-01
8.857599372014853811e-01 6.257282620158186592e-01
2.493169710075704426e-02 4.334693722730378340e-01
9.788668545540634147e-01 2.083155979856012863e-01
3.337438918751939321e-01 1.910676636571257969e-01
5.026095523530502707e-01 5.844115320043928863e-01
4.126071253106313730e-01 4.671515079538589577e-01
2.993768916355274978e-01 3.473890864761716157e-01
4.619532560815561295e-01 4.909035443227643958e-01
8.208356018452585001e-01 9.645049544577807277e-01
9.212179992644006221e-01 7.607198501522193235e-01
2.348385320244950059e-03 2.988657982116166290e-01
4.425347259359678764e-01 8.889628677049399297e-01
3.419142885955528399e-01 8.820997445740286214e-02
5.442569395029780432e-01 9.798156390570572638e-01
5.743315490735759754e-01 5.404113176372254967e-01
3.587593582007084780e-01 2.088803361010208581e-01
4.102281175486819365e-01 4.884031288173268370e-01
2.827461913150245421e-01 2.379506670460831419e-01
7.346425716568526498e-01 7.150457218636855350e-01
6.653298480505358548e-01 5.196582749340417084e-02
9.143515593199428304e-01 1.549781743265088441e-02
8.819077423280355932e-01 6.935879696753787238e-01
8.479332026513508591e-01 3.849528681148488563e-01
9.735234858511619960e-01 1.375386405525094169e-01
1.685978558066592026e-01 7.325476739208456323e-01
7.253345480078000618e-01 9.674606192816337380e-02
5.091686827878255661e-01 7.823438814556128440e-01
1.348082401165303645e-01 7.323283436741545582e-01
4.335037373805996630e-01 4.214988641224860499e-01
3.210395071675885559e-01 3.338745395232529667e-01
9.586849607527080375e-01 9.097077160611216629e-01
6.141365012658434042e-01 8.853102850269106705e-01
6.509618579242943959e-01 9.145812485724880148e-01
8.118062230295391979e-01 7.402429010976887547e-01
6.162265054259287167e-01 9.217283586945447249e-01
9.713824754129884997e-01 3.737040466100390868e-01
2.574739871746112296e-01 4.664202725445083519e-01
1.942170390654813783e-01 9.808596559382916080e-01
9.870454553891934157e-01 9.197833738710333717e-01
7.843874443198728397e-01 6.908174449178494658e-01
4.933111561652032684e-01 2.993226892389687643e-01
7.668227311103122945e-01 8.885261070229272251e-01
7.969255033046608316e-01 3.792494133819604984e-01
2.697891221924270111e-01 1.251340667771906334e-01
5.220896398329443189e-01 2.993542810837155344e-01
7.669661791490689495e-01 7.097172132427890245e-01
6.754841608017008170e-01 1.640219869383562346e-01
3.073751348689890417e-01 7.217284136148571783e-02
6.808454414003850541e-01 1.282855233668795947e-01
1.307145998760769201e-01 3.516292059757198940e-01
7.818598257070865643e-01 3.568462767484137377e-01
8.417772216764429771e-01 9.386718594891554357e-01
3.572610236027460306e-01 3.200039508767835716e-01
9.591860948433236222e-01 7.008397514096668113e-01
6.491896240318075773e-01 4.743439011561478846e-01
5.437624033534137480e-01 5.915204624112613274e-02
7.027928612740746983e-01 1.625540697640462939e-01
1.033044752048861703e-02 3.987607821734163727e-01
4.862989015080492194e-01 3.865571133768519463e-01
5.123615248025347180e-01 8.549926659958283492e-01
5.335906105526722065e-02 2.739462827458797323e-01
3.745374631442972557e-01 6.811462611468178663e-01
7.685003131064516158e-01 5.336924108838575487e-01
4.380931413068909208e-01 3.303847781380081505e-01
9.044385438092286122e-01 9.994815089905213501e-01
3.458887778965200610e-01 1.695904278431582535e-01
3.808242662239692544e-01 5.021257817377530186e-01
8.279611717998984766e-01 3.835359435563756580e-02
6.245354051199415446e-01 5.616534381002172838e-01
3.864182513552195664e-01 7.290927220797777109e-01
3.458960867924765203e-01 3.072870718430534831e-01
2.377451177681417782e-01 8.398832072853579245e-02
6.121863444279701527e-01 3.534683288760620545e-02
5.535810374877910833e-01 5.332900259271191601e-01
6.706674411251167811e-01 9.119295096798520905e-01
9.764512386963525303e-01 3.662996997730325610e-01
7.785825490164000051e-01 5.986020755860723686e-01
9.746949104089080995e-01 9.120979857299460480e-01
3.805944243574428398e-01 2.504848105830322913e-01
2.166562034376308121e-01 5.335549944027324631e-01
6.344735680178563708e-01 8.088110650967778037e-01
8.318048178973184159e-01 4.658885727848612879e-01
4.561657362830500162e-01 4.777834988475825329e-01
4.435572551206945491e-01 8.545860552187302117e-01
6.130124094821222114e-01 9.078450093482604011e-01
1.690324993692330358e-01 9.582515085749756523e-01
1.200719855726971597e-01 6.007643931660399117e-01
1.207933611916716110e-01 7.335283721692273939e-01
6.481085887395712231e-01 9.761209771545379388e-01
8.517261284793786746e-02 6.220050330330006982e-01
2.800854830905514792e-01 9.236823128396672855e-01
6.213800381472200929e-02 5.113429339067240287e-01
9.196398241618792824e-01 6.724121015643951260e-01
1.527000444690568282e-01 4.081826345841892412e-01
4.163557273991738139e-01 4.480184640523021677e-03
1.404960595363261566e-01 4.626309884813355477e-01
1.488775518322631441e-01 8.878200583613352626e-01
9.173525703001088605e-01 5.748375623447896654e-01
9.948971311603126422e-01 6.950054182103817535e-01
3.046912789505404895e-01 9.822406419587582649e-01
5.708991446916865664e-01 6.160141639289470339e-01
7.423650673565185265e-01 7.329971407299136210e-01
2.821324906694000489e-02 3.825272260010768033e-01
3.298018869431114108e-01 1.981542073805920845e-01
9.512783203456367520e-01 2.667167793910107942e-01
6.764748109938866216e-01 4.577611177719418389e-01
3.382444687044501297e-01 1.947515990780610551e-01
3.821888624778063681e-01 3.703517245272712755e-01
5.008730661178447674e-01 3.500742648415566816e-01
6.772241223490321760e-01 2.275482823883154815e-01
4.884036310147721327e-01 7.970089834913431925e-01
1.816395013974760886e-01 3.835270886190232931e-01
8.151905062030473381e-01 1.231772030023303710e-02
1.290430553707139216e-01 5.404362200503636249e-01
7.713280290711455045e-01 9.461238972042396167e-02
8.543235403104991743e-01 3.154497139738263733e-01
6.639041718236571299e-02 8.118736770918677514e-03
4.034800243484917281e-01 5.578132341879208367e-01
4.899643527684233169e-01 6.404555852631501622e-01
7.986323755841396865e-01 6.168222322866659946e-01
5.351522733788126596e-01 8.702285538559970668e-01
4.141868735610544361e-01 2.420706758017124871e-01
1.629783614171739226e-01 1.158678826445654897e-01
7.131631601051269254e-01 2.260660037940365186e-01
6.579133463320230302e-02 3.291308474441718701e-01
4.098802478358598567e-02 3.287480083131424369e-01
2.496898570335488454e-01 4.461370527000305675e-01
3.987367940678767653e-01 7.962069001493572440e-01
9.827627084684076308e-02 8.853517025618241609e-01
4.001816547267769142e-01 7.959490826397223051e-01
9.087764615975499893e-01 8.782636352518496947e-01
5.185222584289811421e-01 5.278322262204789839e-01
1.154300048785870114e-01 1.892094390117019520e-01
4.900142241980566249e-01 5.973128093583033316e-01
9.643497188025503819e-01 7.068398804299348415e-01
8.653335339791657921e-01 8.635999222299995948e-01
7.726911799522705460e-01 2.582727923468349784e-01
3.051361220603365787e-02 5.417670984889280117e-01
8.780574593566734531e-01 6.150967786244053714e-01
2.577167564952005385e-01 9.380766911896532001e-01
1.929905611232854978e-01 6.941810409051576425e-01
8.427398390515794535e-01 2.920575602435527829e-01
6.403579114230099067e-01 7.765959199129179868e-02
7.999178261433119719e-01 7.203573629384951715e-02
8.567122532726805240e-01 8.280999920112096513e-01
7.979020768956608389e-01 9.229198741765848313e-01
3.395632472061093088e-01 6.173077113196734356e-01
4.123438543634825315e-01 9.696958338541755706e-01
8.573025772010332002e-01 1.469053312532424549e-01
5.391658647524405490e-01 8.647664915788110251e-01
8.795681562780326423e-01 7.757594905612569258e-01
1.781828941379948184e-02 3.761289456503549289e-01
6.164524746649258091e-02 9.569350865939747486e-01
1.193353522490624430e-01 7.046583514497390954e-01
5.565800484766325607e-01 9.205149133725253341e-01
5.411809752614117341e-01 2.172707356206953211e-01
3.801356082493395627e-01 8.815003567291387343e-01
8.972506900253246487e-01 9.671487533077146592e-01
7.689168476787574535e-01 4.719894494061491752e-01
9.540210379490454695e-01 4.435230121961089012e-01
6.569297860465568295e-01 7.223004580260288243e-01
3.458471077482229150e-01 9.674987742963671034e-01
4.511601543607077769e-01 7.401365525458316608e-01
1.256640809177159701e-01 2.562284489214595729e-01
7.686666407709547011e-01 4.015170912901898648e-01
3.332764099778884326e-02 5.731029147465240836e-01
9.879159488191637806e-01 7.794507263970240629e-01
7.047388651613708532e-01 3.879934067390540253e-01
5.459333303528569603e-01 2.618024875156782505e-01
9.107521803539178062e-01 7.994902828642921344e-01
6.727335673088282730e-01 8.504914563819241380e-01
2.160365217203639165e-01 4.238813807644247200e-01
9.504653304932031421e-02 1.703604172993603560e-01
6.774334296241066866e-01 8.889304973457189396e-01
2.148066276497441196e-01 9.301491475871476178e-01
8.281964199492171108e-01 4.807077576066498548e-01
2.253844860337270717e-01 8.407087751355557526e-01
2.687459865624548527e-01 1.575217751679989231e-01
2.592869262693966448e-01 4.099343513057702726e-01
6.110208478702552348e-01 2.213527919960800450e-02
7.726368071327754938e-01 6.820072586547889504e-01
3.191433095887139526e-01 2.536014782296626136e-01
3.327458625425513405e-01 9.357743294353770835e-02
7.419395728900501918e-02 7.829869068370245433e-01
3.790820870567769285e-01 4.242628946592534867e-01
7.865298188750297070e-01 5.323480676078312657e-01
4.404646553824387301e-02 2.529151546623537028e-01
6.359136681851702555e-01 1.698519924170193152e-01
5.448741924741911102e-01 5.478551009196104271e-01
4.545853727497014551e-01 6.754640202135695493e-01
9.332029796804466315e-01 1.240426820758876447e-01
5.154837513742948074e-01 8.873805506250043162e-02
9.142508183199709038e-01 6.931834144417574617e-01
2.275739468560815659e-01 9.473958094061288859e-01
8.332665457057271130e-01 5.011444284504202873e-01
3.202345562637983756e-01 6.510569912201632503e-01
9.362918137608089442e-02 8.871998183234982571e-01
6.365349502794864778e-01 1.202237974026520995e-03
6.040981651851579093e-01 2.790530027739146490e-02
7.097876278660987248e-01 8.957081403065383363e-01
1.600536864406069126e-01 9.801123817189109078e-01
7.693005227370102173e-01 5.920262511193903343e-01
6.102516817918276493e-01 9.992573927113030940e-01
6.868820608919707915e-01 9.490748129017358981e-01
2.247982875318044194e-01 5.748769282478204401e-01
2.813049727478980078e-01 9.351476479536787734e-01
1.409486069505943018e-01 1.457769738924408198e-02
7.504109710335558070e-01 9.514144218501801031e-01
8.910104285345770148e-01 6.796248299730306419e-01
9.946342715653510025e-01 4.778835453848953030e-01
8.145036243929465458e-01 8.032858425148500237e-01
3.180391079685146449e-01 4.456726524345293594e-01
3.178844082763506718e-01 3.419895709205349466e-01
9.785907459636959960e-01 8.119032950028418627e-01
3.641520841346460591e-01 6.564011095650998939e-01
2.561820716025565714e-01 4.130660932454022216e-01
2.745350043336703960e-01 6.666927588724335108e-01
1.575933935594567847e-01 6.181702839447240638e-01
9.492704319375132593e-01 5.773575681991902631e-01
7.629961308559588540e-01 9.217868795885051370e-01
7.691502643520023996e-01 1.235105883748202071e-01
4.109140231474572857e-03 2.952955118514475341e-01
5.234783599807757426e-02 4.404690697839330760e-03
7.206670814018627524e-01 4.220865708576787556e-01
6.447183871470131278e-01 7.772667064811483728e-01
6.431271185231701715e-01 8.425093077388238205e-01
9.786101208577148158e-01 5.869855635239740188e-01
2.770181590500111479e-01 9.387074507581397720e-01
2.984086317673113609e-01 8.051995583127518064e-01
6.801455808912419965e-01 1.113474269659633364e-01
3.558768725382888132e-02 1.983981208374405725e-01
6.160666983225333571e-01 8.738300341466095356e-01
9.468894608782589817e-01 2.038982910416582417e-01
6.649469100228636576e-01 8.838738164832714572e-01
9.767757086534560873e-01 4.407721764801419972e-03
1.810928615926056251e-01 2.282042124177552367e-02
5.366752064059855387e-01 2.301301081169904172e-01
4.637819306029944411e-01 8.097908695721096617e-01
3.079711802795301878e-01 1.259781121385824543e-01
6.059149680963398232e-01 3.105589743248213797e-01
5.576554081499291993e-01 9.388290798235294776e-01
8.809461513586486214e-01 4.129178768293425561e-01
3.303362995998984086e-01 3.403008207858437828e-01
6.057547230211792755e-01 8.054034774549977405e-01
9.001181334972176984e-01 8.438548669479511988e-01
9.180865650974331382e-01 6.653597284375739607e-01
6.725391562835133508e-01 7.615812010142093413e-01
5.549375982123768702e-01 9.614841289696981486e-01
2.414888702460323833e-01 9.386736088072415995e-01
4.841681726383237905e-01 4.614751248258234240e-01
2.815057404713769973e-01 6.863757302462469845e-02
5.681198853839976026e-01 4.576885365565027675e-01
3.406601158230349036e-01 2.538102145417756583e-01
2.691426763108950571e-01 3.059885550747237781e-01
3.071855759268605768e-01 4.460411085407469667e-01
8.382062750072825086e-01 3.502662216000852480e-01
6.803866375098757135e-01 6.493370616482649904e-01
7.688592629242334553e-01 1.658432809061426427e-01
8.652745883184644882e-01 6.470876500873836701e-01
1.896918228477273427e-01 8.548450928620410227e-01
1.538846278609351526e-02 7.223671772832893634e-01
6.270704868902809981e-01 2.106372524076198793e-01
9.526978595239345982e-01 8.700560105342658446e-02
3.891749176400847166e-01 9.576866510440183999e-01
8.851097858197004564e-01 4.857476565162830440e-01
7.710647815002126260e-01 6.998445406190580975e-01
9.886781808023793472e-01 5.515096906150901424e-01
6.034222104230727579e-01 2.269194076208680411e-02
3.873433405311110800e-01 6.429056725613567780e-01
1.580552289185441772e-01 3.273282302172477731e-01
4.706538584983580575e-01 3.285417752665875657e-01
6.409142149093391971e-01 8.421030253814796307e-01
4.767538776425108704e-01 5.035556325256274057e-02
6.010837235909405329e-01 1.894549967411134350e-01
6.171108548954570283e-01 4.874249743624112785e-01
7.032028710765805268e-01 2.133224885916227276e-01
3.345452078833388576e-01 6.019594166054963447e-01
9.597456536118647019e-01 7.027231205059292218e-01
6.327665855974984321e-02 4.632469233398320840e-01
9.219257877940830737e-01 7.599396873532895391e-01
7.181125542429933617e-01 2.029418156319584554e-02
4.467394960553332517e-01 1.962977298211846522e-01
1.621275732022331439e-02 1.202090775906206055e-02
1.047916570341834719e-01 2.214633397911589530e-01
5.455975527601132358e-01 1.248179708261671905e-01
2.103788215831136066e-01 2.000118386748580557e-01
2.735441589960003750e-01 3.278216083576129813e-01
7.703059923427622024e-01 3.760793569248748192e-01
7.277425072571831466e-01 8.229373337519381160e-01
9.764577540149775858e-01 7.510619084692867764e-01
1.553105726168330092e-01 6.339683450913838891e-01
1.857749342997140340e-01 2.829485675251994792e-01
5.930846319426349433e-01 6.971364524887662117e-01
9.166099585612708101e-01 5.298515483648442714e-01
4.458874454193229031e-01 9.028430577207504637e-01
7.629563261992376999e-01 9.850722103618897441e-01
6.004597631512496037e-01 2.536548501986924942e-01
6.801198321601082952e-01 2.002325601698086155e-01
8.714308161177041212e-01 3.249888917179983849e-01
2.805381837601967909e-01 6.152119898515571172e-01
8.082754648179342194e-01 4.778577981077726244e-01
3.029864446120106303e-01 9.280402630200180747e-01
1.625023271313227324e-01 9.480267075662759391e-01
6.495651612528057228e-01 7.051853893037327570e-01
8.843458220019946303e-01 7.743168494651674338e-01
7.008556423447929173e-01 2.927124840063938249e-01
7.360540698637662027e-01 3.473504777770127783e-01
4.047500696160754030e-01 5.097093046681148154e-01
2.663016187799316370e-02 4.490473951827499421e-01
5.010843804211319030e-01 7.374588499105327877e-02
8.230319931387275467e-01 5.539467204716601589e-01
5.829879535027817639e-01 3.161177104069233801e-01
7.443316417784833217e-01 6.848081451264853570e-01
2.812342319738838636e-01 4.977385015548057012e-01
2.071003693043445004e-01 1.888397450907830510e-02
7.739023004991943955e-01 9.744872781612905488e-01
7.447953189756938430e-01 5.276207344459579174e-01
9.053164082157743042e-01 5.470882538289112418e-01
8.765853923427978645e-01 9.240848082632073801e-01
1.963465385491723891e-01 1.153930656671308119e-01
6.567044232566916495e-01 9.636056475662907461e-01
7.415519753268369207e-01 8.206968256721953736e-01
2.279893960448987622e-01 5.492425482036971118e-01
2.233669671143299063e-01 3.910356186753727314e-05
2.940824964535304620e-01 8.104612541780520374e-01
4.281163742150460028e-01 7.631935752182100741e-01
2.196691460008136643e-01 2.324892687360008425e-01
1.884085625805410613e-01 3.927124195040576637e-02
9.775095425491264756e-01 8.605544487075043047e-01
5.198168313009776664e-02 8.964419367136392536e-01
1.625714565566508396e-01 2.180258749225300052e-01
3.329847129195739885e-02 2.039751667225991882e-01
4.479536563716468578e-02 7.342268699833793821e-01
5.483705351252492477e-01 5.659728685560101447e-01
5.588121754777438666e-01 9.345783639170683887e-01
6.966204914268294690e-01 2.446217769454084312e-02
2.476192251112175891e-01 7.863136973789383033e-01
7.074190577691166215e-01 6.285437010577373806e-01
9.496847390338850614e-01 8.412437873182266879e-01
1.506531118364029531e-01 6.466318714344012619e-01
7.813215344484251146e-01 8.942027674992829578e-01
8.780367824101477092e-01 7.008027828014129490e-03
8.189809309755470279e-01 3.547930571851132253e-02
3.103086418292327897e-01 4.594618670907301139e-01
1.852203369825977664e-02 7.219688511292803312e-01
3.128753772542373079e-01 8.268516380946048239e-01
1.058921025506203151e-01 5.356684780914275912e-01
7.313589236414980155e-01 1.641157382220398420e-01
1.806803226844769794e-01 6.428255919701139076e-01
2.725286470444862053e-01 6.193886022464266672e-01
5.336510682207165068e-01 3.337679126327851575e-01
7.037913231355741317e-02 8.378093468049554460e-01
7.607444004484577027e-01 2.274631118667039820e-01
1.799749302368810477e-01 2.817780635802469291e-02
3.568259536511949603e-01 6.575668424321597927e-01
6.287292054462655377e-01 8.411735295298460313e-01
4.441474025957989902e-01 9.319167776981801543e-01
9.473099313304230717e-01 6.750354153145601277e-01
4.280723165142330533e-01 4.051755464411540553e-01
6.968642873986068409e-01 5.738239770957364039e-01
1.998534748122728910e-01 2.000804091895216352e-01
2.788182684918286691e-01 3.305865799255743864e-01
6.038791392645403988e-02 4.241994724196292976e-01
1.076244322079360494e-01 8.030887293241744107e-01
3.466800512648049448e-01 5.511328191992610481e-01
8.731560976842820399e-01 6.746467599233473278e-01
1.166160806238530911e-01 4.875840863519753654e-01
1.790905235685100738e-01 6.829044789770489787e-01
3.478631316322531308e-01 4.298363044245133713e-01
9.847257552038836126e-01 7.286066913750621765e-02
1.565067332565646119e-01 7.950052798818556532e-01
4.028459501484504823e-02 6.153731794271388722e-02
3.312438493458184086e-01 6.906317438138256382e-01
1.892795930921526981e-01 4.088847186039907822e-01
1.144521600250454352e-01 1.545743657244191827e-01
8.316763536844590243e-01 3.304691916693979215e-01
3.541851308502242945e-01 5.738608448501816284e-01
4.589240606840339076e-01 4.090312762312229289e-01
4.817694881042344779e-01 1.610132520146605462e-01
5.884043816042648922e-01 7.504946119083488743e-01
4.659551178325838094e-02 2.872404941098926079e-01
5.086959933332406703e-01 7.725555480989763080e-01
3.603528317586041085e-01 7.843628648916648460e-01
6.790113739630919687e-01 3.296781825834509405e-01
2.522439914562002450e-02 1.601577586192308722e-01
2.828493349790923705e-01 6.618817362710525121e-01
8.631733137047815640e-01 9.710654114235784951e-01
4.144110419850566274e-02 3.505288397311721038e-01
1.719145944858843089e-01 9.961697003541432061e-01
4.227096794501794541e-02 6.167124292471168889e-01
6.204854316416187343e-01 7.209554556933406300e-01
3.036470938753379478e-01 8.433225554301856386e-01
8.535522379132670645e-01 8.462458094622909988e-01
7.325695873311762751e-01 4.713942761904932333e-02
5.559361644325985230e-01 7.028249061382789709e-01
1.372798865908284593e-01 3.590557472232103198e-02
9.877514388350514540e-01 1.719605435224506040e-01
2.557981197181645738e-01 6.090318756078337836e-01
1.757641415118932349e-01 1.637839433193903904e-01
3.563822373694003343e-01 3.722832736501495710e-01
7.078923465304853835e-01 5.376453827724558820e-01
4.968919873052980440e-01 8.497693484043609136e-01
6.125072512188378671e-02 5.752212256049131778e-01
2.938747019980336717e-02 9.357284311332860760e-01
4.087414896315042512e-01 8.588002697596479607e-01
9.130186372291994035e-01 8.179614555142646903e-01
4.130949843022434509e-01 3.608945363392868089e-02
2.467243882990354242e-01 8.649354591125494318e-01
5.761052262930242973e-01 8.962358941425814240e-01
7.403302875820588769e-01 1.123877479092638687e-01
7.477358320154166016e-01 8.195115051616330692e-01
1.041784848294968757e-01 8.389856205989568716e-01
5.027780395394212398e-01 2.943567152573549617e-01
6.852948265298361985e-01 2.389282166412688424e-01
2.619410823419365819e-02 3.804350563518639206e-01
7.634976120400602806e-01 3.909969652744295088e-01
8.722237148760575431e-01 5.949591061321225505e-01
5.258707204190066209e-01 8.168148613527315138e-02
9.229800186456715849e-02 5.223711335061467231e-01
8.132874811204546805e-01 4.722583103069883936e-01
2.674472036681108111e-01 7.977864816641535572e-01
6.895293789482235258e-01 7.362943417265350732e-01
5.257650996460898618e-01 7.612146370159230679e-01
7.522588688522054978e-01 9.824660773082630749e-01
3.097576748496678745e-01 9.515263990220279577e-02
3.558546783371931976e-01 7.838057645734350931e-01
2.727065850771279720e-01 9.239041765232738346e-01
8.198982034593516044e-02 8.749122992358856488e-01
4.656418691662967957e-01 3.258066206206485793e-01
